void,rock,paper,scissors
4272,2493,1853,1382
331,3233,4957,1479
1842,3529,2875,1754
782,3716,3887,1615
33,1140,6821,2006
15,812,6725,2448
7,611,6389,2993
1,488,5241,4270
0,509,4560,4931
0,562,3874,5564
0,637,3243,6120
0,742,2645,6613
0,871,2108,7021
0,1037,1622,7341
0,1225,1206,7569
0,1432,871,7697
0,1676,646,7678
157,2391,5940,1512
0,1965,506,7529
63,1666,6579,1692
0,2269,453,7278
0,2598,454,6948
0,2967,477,6556
0,3729,596,5675
2,503,5885,3610
0,4093,681,5226
0,4729,898,4373
0,5001,1025,3974
0,5198,1171,3631
0,5367,1333,3300
0,5457,1507,3036
0,5508,1694,2798
0,5518,1888,2594
0,5491,2086,2423
0,5418,2268,2314
0,4436,784,4780
0,5293,2454,2253
0,4880,2867,2253
0,4727,2958,2315
0,4581,3003,2416
0,4420,3029,2551
0,4275,3020,2705
0,4139,2997,2864
0,5155,2618,2227
0,3349,525,6126
0,5029,2756,2215
0,3761,2916,3323
0,3657,2908,3435
0,3580,2897,3523
0,3999,2958,3043
0,3504,2858,3638
0,3465,2829,3706
0,3447,2791,3762
0,3435,2755,3810
0,3423,2742,3835
0,3417,2764,3819
0,3406,2803,3791
0,3378,2834,3788
0,3344,2873,3783
0,3310,2903,3787
0,3279,2958,3763
0,3267,2984,3749
0,3270,3006,3724
0,3266,3024,3710
0,3257,3023,3720
0,3257,3019,3724
0,3270,3007,3723
0,3289,2997,3714
0,3325,2983,3692
0,3369,2972,3659
0,3413,2963,3624
0,3454,2972,3574
0,3502,3000,3498
0,3556,3028,3416
0,3628,3041,3331
0,3703,3069,3228
0,3781,3086,3133
0,3853,3132,3015
0,3935,3195,2870
0,4011,3246,2743
0,4086,3291,2623
0,4140,3350,2510
0,4181,3403,2416
0,4177,3454,2369
0,4158,3511,2331
0,3873,2936,3191
0,4076,3608,2316
0,3532,2875,3593
0,3912,3706,2382
0,3831,3732,2437
0,3784,3722,2494
0,3747,3698,2555
0,3722,3655,2623
0,3702,3611,2687
0,3690,3553,2757
0,3672,3497,2831
0,3662,3431,2907
0,3645,3365,2990
0,3634,3294,3072
0,3619,3237,3144
0,3598,3189,3213
0,3590,3133,3277
0,3582,3098,3320
0,4003,3659,2338
0,3584,3021,3395
0,4118,3559,2323
0,3635,2940,3425
0,3658,2902,3440
0,3690,2873,3437
0,3699,2844,3457
0,3696,2822,3482
0,3612,2979,3409
0,3668,2819,3513
0,3621,2824,3555
0,3566,2857,3577
0,3505,2910,3585
0,3437,2966,3597
0,3371,3027,3602
0,3297,3077,3626
0,3567,3073,3360
0,3131,3158,3711
0,3195,3137,3668
0,3058,3117,3825
0,3103,3140,3757
0,2980,3023,3997
0,2935,2972,4093
0,2885,2916,4199
0,3024,3072,3904
0,2789,2810,4401
0,3691,2815,3494
0,2691,2754,4555
0,2739,2789,4472
0,2600,2796,4604
0,2639,2767,4594
0,2555,2819,4626
0,2574,2809,4617
0,2534,2839,4627
0,2537,2833,4630
0,2545,2826,4629
0,2535,2837,4628
0,2601,2776,4623
0,2636,2752,4612
0,2676,2741,4583
0,2715,2742,4543
0,2750,2753,4497
0,2793,2777,4430
0,2805,2822,4373
0,2822,2867,4311
0,2848,2921,4231
0,2848,2981,4171
0,2845,3058,4097
0,2819,3138,4043
0,2762,3216,4022
0,2692,3293,4015
0,2613,3369,4018
0,2511,3457,4032
0,2425,3520,4055
0,2334,3577,4089
0,2210,3653,4137
0,2136,3672,4192
0,2072,3677,4251
0,2027,3657,4316
0,1995,3622,4383
0,1969,3571,4460
0,1948,3506,4546
0,1929,3418,4653
0,1921,3340,4739
0,2564,2807,4629
0,1935,3162,4903
0,1963,3086,4951
0,1995,3034,4971
0,2027,2985,4988
0,2070,2938,4992
0,2111,2898,4991
0,2160,2866,4974
0,2214,2843,4943
0,2281,2821,4898
0,2836,2835,4329
0,2385,2891,4724
0,2410,2942,4648
0,2446,2983,4571
0,2462,3043,4495
0,2499,3083,4418
0,2562,3120,4318
0,2601,3156,4243
0,2355,2854,4791
0,2638,3189,4173
0,2694,3218,4088
0,2717,3235,4048
0,2735,3278,3987
0,2739,3330,3931
0,2766,3365,3869
0,2789,3402,3809
0,1918,3235,4847
0,2838,3469,3693
0,2317,2834,4849
0,2887,3534,3579
0,2913,3552,3535
0,2931,3568,3501
0,2947,3580,3473
0,2961,3589,3450
0,2979,3593,3428
0,2997,3593,3410
0,3003,3591,3406
0,3031,3588,3381
0,3069,3580,3351
0,3100,3570,3330
0,3138,3556,3306
0,3176,3539,3285
0,3226,3517,3257
0,3254,3493,3253
0,3284,3464,3252
0,3331,3375,3294
0,3353,3332,3315
0,3370,3319,3311
0,3375,3322,3303
0,3398,3311,3291
0,3406,3299,3295
0,2815,3436,3749
0,2862,3514,3624
0,3478,3262,3260
0,3504,3248,3248
0,3546,3234,3220
0,3566,3207,3227
0,3586,3177,3237
0,3600,3172,3228
0,3606,3178,3216
0,3599,3201,3200
0,3574,3245,3181
0,3555,3279,3166
0,3524,3334,3142
0,3493,3387,3120
0,3462,3428,3110
0,3414,3476,3110
0,3396,3486,3118
0,3382,3478,3140
0,3377,3458,3165
0,3351,3434,3215
0,3328,3402,3270
0,3315,3366,3319
0,3307,3336,3357
0,3313,3302,3385
0,3323,3276,3401
0,3343,3238,3419
0,3381,3228,3391
0,3418,3216,3366
0,3452,3212,3336
0,3472,3223,3305
0,3505,3230,3265
0,3531,3246,3223
0,3558,3265,3177
0,3548,3295,3157
0,3524,3332,3144
0,3486,3370,3144
0,3462,3393,3145
0,3431,3427,3142
0,3387,3459,3154
0,3362,3445,3193
0,3336,3448,3216
0,3309,3442,3249
0,3298,3402,3300
0,3288,3390,3322
0,3291,3369,3340
0,3300,3339,3361
0,3313,3331,3356
0,3330,3318,3352
0,3357,3307,3336
0,3388,3308,3304
0,3421,3293,3286
0,3436,3286,3278
0,3447,3295,3258
0,3469,3309,3222
0,3417,3293,3290
0,3468,3325,3207
0,3457,3348,3195
0,3432,3378,3190
0,3429,3389,3182
0,3423,3402,3175
0,3409,3423,3168
0,3375,3456,3169
0,3348,3482,3170
0,3322,3505,3173
0,3312,3512,3176
0,3301,3520,3179
0,3294,3519,3187
0,3291,3532,3177
0,3282,3545,3173
0,3309,3426,3265
0,3284,3517,3199
0,3285,3498,3217
0,3284,3540,3176
0,3287,3500,3213
0,3294,3503,3203
0,3286,3534,3180
0,3294,3510,3196
0,3308,3535,3157
0,3333,3560,3107
0,3296,3523,3181
0,3296,3505,3199
0,3357,3616,3027
0,3372,3644,2984
0,3379,3688,2933
0,3378,3724,2898
0,3371,3768,2861
0,3347,3821,2832
0,3314,3881,2805
0,3272,3947,2781
0,3229,4013,2758
0,3344,3589,3067
0,3144,4144,2712
0,3441,3280,3279
0,3101,4191,2708
0,3053,4249,2698
0,2994,4315,2691
0,2958,4348,2694
0,2926,4369,2705
0,2898,4390,2712
0,2871,4405,2724
0,2851,4421,2728
0,2835,4443,2722
0,2825,4465,2710
0,2838,4481,2681
0,2839,4506,2655
0,2843,4527,2630
0,2855,4571,2574
0,2869,4618,2513
0,2893,4660,2447
0,2911,4710,2379
0,2917,4775,2308
0,2915,4848,2237
0,2920,4929,2151
0,2883,5020,2097
0,2829,5119,2052
0,2752,5238,2010
0,2689,5341,1970
0,2625,5445,1930
0,3185,4081,2734
0,2552,5560,1888
0,2488,5646,1866
0,2432,5716,1852
0,2379,5774,1847
0,2326,5825,1849
0,2274,5867,1859
0,2239,5879,1882
0,2201,5902,1897
0,2159,5927,1914
0,2140,5930,1930
0,2115,5942,1943
0,2124,5937,1939
0,2116,5943,1941
0,2122,5959,1919
0,2133,5973,1894
0,2150,5987,1863
0,2156,6002,1842
0,2161,6041,1798
0,2183,6081,1736
0,2164,6125,1711
0,2140,6174,1686
0,2110,6230,1660
0,2079,6287,1634
0,2039,6344,1617
0,1946,6470,1584
0,1887,6529,1584
0,1765,6649,1586
0,1991,6403,1606
0,1831,6586,1583
0,1737,6670,1593
0,1720,6676,1604
0,1701,6677,1622
0,1690,6668,1642
0,1677,6655,1668
0,1662,6635,1703
0,1640,6618,1742
0,1641,6577,1782
0,1643,6533,1824
0,1654,6478,1868
0,1670,6418,1912
0,1691,6353,1956
0,1718,6283,1999
0,1758,6200,2042
0,1796,6116,2088
0,1837,6029,2134
0,1880,5941,2179
0,1970,5760,2270
0,1924,5850,2226
0,2023,5667,2310
0,2116,5481,2403
0,2068,5576,2356
0,2163,5390,2447
0,2210,5297,2493
0,2257,5209,2534
0,2307,5116,2577
0,2353,5035,2612
0,2398,4956,2646
0,2446,4873,2681
0,2494,4796,2710
0,2540,4723,2737
0,2587,4651,2762
0,2632,4584,2784
0,2678,4516,2806
0,2716,4453,2831
0,2753,4392,2855
0,2791,4330,2879
0,2826,4271,2903
0,2857,4218,2925
0,2889,4163,2948
0,2917,4113,2970
0,2947,4060,2993
0,2977,4009,3014
0,3006,3959,3035
0,3033,3914,3053
0,3060,3869,3071
0,3084,3828,3088
0,3105,3786,3109
0,3128,3745,3127
0,3149,3705,3146
0,3189,3623,3188
0,3169,3661,3170
0,3208,3592,3200
0,3248,3526,3226
0,3228,3558,3214
0,3265,3496,3239
0,3301,3429,3270
0,3277,3472,3251
0,3322,3403,3275
0,3343,3381,3276
0,3370,3360,3270
0,3386,3343,3271
0,3400,3328,3272
0,3417,3312,3271
0,3431,3303,3266
0,3444,3294,3262
0,3456,3283,3261
0,3467,3282,3251
0,3477,3291,3232
0,3478,3290,3232
0,3477,3290,3233
0,3473,3294,3233
0,3468,3301,3231
0,3467,3314,3219
0,3459,3327,3214
0,3449,3337,3214
0,3430,3355,3215
0,3431,3356,3213
0,3434,3356,3210
0,3439,3355,3206
0,3440,3354,3206
0,3431,3350,3219
0,3421,3345,3234
0,3417,3334,3249
0,3413,3333,3254
0,3411,3333,3256
0,3405,3338,3257
0,3408,3336,3256
0,3399,3343,3258
0,3399,3342,3259
0,3415,3326,3259
0,3425,3314,3261
0,3432,3306,3262
0,3439,3296,3265
0,3438,3290,3272
0,3435,3287,3278
0,3434,3285,3281
0,3434,3285,3281
0,3436,3298,3266
0,3443,3308,3249
0,3436,3325,3239
0,3440,3328,3232
0,3446,3331,3223
0,3451,3330,3219
0,3453,3331,3216
0,3453,3325,3222
0,3443,3330,3227
0,3428,3334,3238
0,3417,3333,3250
0,3407,3338,3255
0,3397,3344,3259
0,3389,3350,3261
0,3381,3361,3258
0,3382,3359,3259
0,3378,3362,3260
0,3386,3354,3260
0,3400,3339,3261
0,3417,3320,3263
0,3425,3309,3266
0,3410,3327,3263
0,3428,3302,3270
0,3440,3277,3283
0,3444,3265,3291
0,3434,3290,3276
0,3450,3272,3278
0,3449,3286,3265
0,3446,3304,3250
0,3446,3296,3258
0,3445,3311,3244
0,3446,3311,3243
0,3450,3314,3236
0,3455,3322,3223
0,3462,3324,3214
0,3449,3325,3226
0,3447,3260,3293
0,3418,3331,3251
0,3435,3326,3239
0,3416,3314,3270
0,3412,3313,3275
0,3409,3315,3276
0,3413,3317,3270
0,3408,3321,3271
0,3406,3322,3272
0,3417,3312,3271
0,3431,3303,3266
0,3444,3294,3262
0,3456,3283,3261
0,3467,3282,3251
0,3477,3291,3232
0,3478,3290,3232
0,3477,3290,3233
0,3473,3294,3233
0,3468,3301,3231
0,3467,3314,3219
0,3449,3337,3214
0,3430,3355,3215
0,3431,3356,3213
0,3434,3356,3210
0,3439,3355,3206
0,3440,3354,3206
0,3431,3350,3219
0,3421,3345,3234
0,3417,3334,3249
0,3413,3333,3254
0,3411,3333,3256
0,3408,3336,3256
0,3405,3338,3257
0,3399,3343,3258
0,3399,3342,3259
0,3415,3326,3259
0,3425,3314,3261
0,3432,3306,3262
0,3439,3296,3265
0,3438,3290,3272
0,3435,3287,3278
0,3434,3285,3281
0,3434,3285,3281
0,3436,3298,3266
0,3443,3308,3249
0,3436,3325,3239
0,3440,3328,3232
0,3446,3331,3223
0,3451,3330,3219
0,3453,3331,3216
0,3453,3325,3222
0,3443,3330,3227
0,3428,3334,3238
0,3407,3338,3255
0,3417,3333,3250
0,3389,3350,3261
0,3382,3359,3259
0,3397,3344,3259
0,3381,3361,3258
0,3378,3362,3260
0,3386,3354,3260
0,3400,3339,3261
0,3410,3327,3263
0,3417,3320,3263
0,3425,3309,3266
0,3428,3302,3270
0,3434,3290,3276
0,3440,3277,3283
0,3444,3265,3291
0,3447,3260,3293
0,3450,3272,3278
0,3449,3286,3265
0,3446,3296,3258
0,3459,3327,3214
0,3446,3311,3243
0,3446,3304,3250
0,3450,3314,3236
0,3455,3322,3223
0,3449,3325,3226
0,3445,3311,3244
0,3435,3326,3239
0,3462,3324,3214
0,3416,3314,3270
0,3412,3313,3275
0,3409,3315,3276
0,3413,3317,3270
0,3408,3321,3271
0,3406,3322,3272
0,3417,3312,3271
0,3431,3303,3266
0,3418,3331,3251
0,3456,3283,3261
0,3467,3282,3251
0,3444,3294,3262
0,3478,3290,3232
0,3477,3290,3233
0,3473,3294,3233
0,3468,3301,3231
0,3477,3291,3232
0,3459,3327,3214
0,3449,3337,3214
0,3430,3355,3215
0,3431,3356,3213
0,3434,3356,3210
0,3439,3355,3206
0,3440,3354,3206
0,3431,3350,3219
0,3421,3345,3234
0,3467,3314,3219
0,3413,3333,3254
0,3411,3333,3256
0,3408,3336,3256
0,3399,3343,3258
0,3415,3326,3259
0,3399,3342,3259
0,3432,3306,3262
0,3417,3334,3249
0,3425,3314,3261
0,3439,3296,3265
0,3405,3338,3257
0,3438,3290,3272
0,3435,3287,3278
0,3434,3285,3281
0,3436,3298,3266
0,3434,3285,3281
0,3443,3308,3249
0,3436,3325,3239
0,3446,3331,3223
0,3440,3328,3232
0,3451,3330,3219
0,3453,3331,3216
0,3428,3334,3238
0,3443,3330,3227
0,3417,3333,3250
0,3397,3344,3259
0,3453,3325,3222
0,3382,3359,3259
0,3389,3350,3261
0,3407,3338,3255
0,3381,3361,3258
0,3386,3354,3260
0,3378,3362,3260
0,3400,3339,3261
0,3417,3320,3263
0,3410,3327,3263
0,3428,3302,3270
0,3425,3309,3266
0,3440,3277,3283
0,3447,3260,3293
0,3444,3265,3291
0,3434,3290,3276
0,3450,3272,3278
0,3446,3304,3250
0,3446,3296,3258
0,3445,3311,3244
0,3446,3311,3243
0,3450,3314,3236
0,3455,3322,3223
0,3449,3325,3226
0,3462,3324,3214
0,3435,3326,3239
0,3418,3331,3251
0,3416,3314,3270
0,3412,3313,3275
0,3409,3315,3276
0,3413,3317,3270
0,3408,3321,3271
0,3417,3312,3271
0,3406,3322,3272
0,3431,3303,3266
0,3444,3294,3262
0,3449,3286,3265
0,3467,3282,3251
0,3477,3291,3232
0,3478,3290,3232
0,3477,3290,3233
0,3473,3294,3233
0,3468,3301,3231
0,3456,3283,3261
0,3459,3327,3214
0,3467,3314,3219
0,3430,3355,3215
0,3434,3356,3210
0,3449,3337,3214
0,3431,3356,3213
0,3440,3354,3206
0,3439,3355,3206
0,3431,3350,3219
0,3421,3345,3234
0,3413,3333,3254
0,3417,3334,3249
0,3411,3333,3256
0,3408,3336,3256
0,3405,3338,3257
0,3399,3343,3258
0,3415,3326,3259
0,3399,3342,3259
0,3425,3314,3261
0,3439,3296,3265
0,3432,3306,3262
0,3434,3285,3281
0,3435,3287,3278
0,3438,3290,3272
0,3434,3285,3281
0,3436,3298,3266
0,3436,3325,3239
0,3440,3328,3232
0,3446,3331,3223
0,3451,3330,3219
0,3453,3331,3216
0,3453,3325,3222
0,3443,3308,3249
0,3428,3334,3238
0,3443,3330,3227
0,3407,3338,3255
0,3397,3344,3259
0,3389,3350,3261
0,3382,3359,3259
0,3417,3333,3250
0,3386,3354,3260
0,3378,3362,3260
0,3381,3361,3258
0,3410,3327,3263
0,3417,3320,3263
0,3400,3339,3261
0,3434,3290,3276
0,3425,3309,3266
0,3428,3302,3270
0,3440,3277,3283
0,3444,3265,3291
0,3447,3260,3293
0,3450,3272,3278
0,3446,3296,3258
0,3449,3286,3265
0,3445,3311,3244
0,3446,3311,3243
0,3450,3314,3236
0,3446,3304,3250
0,3455,3322,3223
0,3462,3324,3214
0,3418,3331,3251
0,3449,3325,3226
0,3435,3326,3239
0,3409,3315,3276
0,3416,3314,3270
0,3413,3317,3270
0,3412,3313,3275
0,3408,3321,3271
0,3417,3312,3271
0,3406,3322,3272
0,3431,3303,3266
0,3467,3282,3251
0,3456,3283,3261
0,3477,3291,3232
0,3444,3294,3262
0,3477,3290,3233
0,3473,3294,3233
0,3467,3314,3219
0,3478,3290,3232
0,3468,3301,3231
0,3459,3327,3214
0,3430,3355,3215
0,3449,3337,3214
0,3431,3356,3213
0,3434,3356,3210
0,3440,3354,3206
0,3439,3355,3206
0,3431,3350,3219
0,3421,3345,3234
0,3417,3334,3249
0,3413,3333,3254
0,3408,3336,3256
0,3411,3333,3256
0,3399,3343,3258
0,3399,3342,3259
0,3405,3338,3257
0,3425,3314,3261
0,3439,3296,3265
0,3415,3326,3259
0,3432,3306,3262
0,3438,3290,3272
0,3434,3285,3281
0,3435,3287,3278
0,3443,3308,3249
0,3434,3285,3281
0,3436,3298,3266
0,3440,3328,3232
0,3436,3325,3239
0,3451,3330,3219
0,3446,3331,3223
0,3453,3331,3216
0,3453,3325,3222
0,3417,3333,3250
0,3443,3330,3227
0,3397,3344,3259
0,3428,3334,3238
0,3382,3359,3259
0,3381,3361,3258
0,3407,3338,3255
0,3386,3354,3260
0,3400,3339,3261
0,3410,3327,3263
0,3417,3320,3263
0,3425,3309,3266
0,3378,3362,3260
0,3434,3290,3276
0,3444,3265,3291
0,3447,3260,3293
0,3428,3302,3270
0,3450,3272,3278
0,3449,3286,3265
0,3389,3350,3261
0,3446,3304,3250
0,3445,3311,3244
0,3446,3311,3243
0,3450,3314,3236
0,3455,3322,3223
0,3462,3324,3214
0,3449,3325,3226
0,3435,3326,3239
0,3416,3314,3270
0,3412,3313,3275
0,3409,3315,3276
0,3413,3317,3270
0,3408,3321,3271
0,3406,3322,3272
0,3417,3312,3271
0,3431,3303,3266
0,3444,3294,3262
0,3456,3283,3261
0,3467,3282,3251
0,3477,3291,3232
0,3478,3290,3232
0,3477,3290,3233
0,3473,3294,3233
0,3468,3301,3231
0,3467,3314,3219
0,3459,3327,3214
0,3449,3337,3214
0,3430,3355,3215
0,3431,3356,3213
0,3434,3356,3210
0,3439,3355,3206
0,3440,3354,3206
0,3431,3350,3219
0,3421,3345,3234
0,3417,3334,3249
0,3413,3333,3254
0,3411,3333,3256
0,3408,3336,3256
0,3405,3338,3257
0,3399,3343,3258
0,3399,3342,3259
0,3415,3326,3259
0,3425,3314,3261
0,3432,3306,3262
0,3439,3296,3265
0,3438,3290,3272
0,3435,3287,3278
0,3434,3285,3281
0,3434,3285,3281
0,3436,3298,3266
0,3443,3308,3249
0,3418,3331,3251
0,3446,3296,3258
0,3436,3325,3239
0,3440,3328,3232
0,3446,3331,3223
0,3451,3330,3219
0,3453,3325,3222
0,3440,3277,3283
0,3443,3330,3227
0,3428,3334,3238
0,3417,3333,3250
0,3407,3338,3255
0,3453,3331,3216
0,3389,3350,3261
0,3397,3344,3259
0,3378,3362,3260
0,3381,3361,3258
0,3382,3359,3259
0,3410,3327,3263
0,3400,3339,3261
0,3425,3309,3266
0,3417,3320,3263
0,3428,3302,3270
0,3434,3290,3276
0,3440,3277,3283
0,3444,3265,3291
0,3447,3260,3293
0,3450,3272,3278
0,3449,3286,3265
0,3446,3296,3258
0,3446,3304,3250
0,3445,3311,3244
0,3446,3311,3243
0,3450,3314,3236
0,3455,3322,3223
0,3462,3324,3214
0,3449,3325,3226
0,3435,3326,3239
0,3418,3331,3251
0,3416,3314,3270
0,3412,3313,3275
0,3409,3315,3276
0,3413,3317,3270
0,3408,3321,3271
0,3406,3322,3272
0,3417,3312,3271
0,3431,3303,3266
0,3444,3294,3262
0,3456,3283,3261
0,3467,3282,3251
0,3477,3291,3232
0,3478,3290,3232
0,3477,3290,3233
0,3473,3294,3233
0,3468,3301,3231
0,3467,3314,3219
0,3459,3327,3214
0,3430,3355,3215
0,3386,3354,3260
0,3431,3356,3213
0,3434,3356,3210
0,3439,3355,3206
0,3440,3354,3206
0,3449,3337,3214
0,3431,3350,3219
0,3413,3333,3254
0,3417,3334,3249
0,3421,3345,3234
0,3411,3333,3256
0,3408,3336,3256
0,3399,3342,3259
0,3399,3343,3258
0,3415,3326,3259
0,3425,3314,3261
0,3432,3306,3262
0,3439,3296,3265
0,3438,3290,3272
0,3405,3338,3257
0,3434,3285,3281
0,3434,3285,3281
0,3436,3298,3266
0,3443,3308,3249
0,3435,3287,3278
0,3440,3328,3232
0,3446,3331,3223
0,3436,3325,3239
0,3453,3331,3216
0,3453,3325,3222
0,3451,3330,3219
0,3428,3334,3238
0,3417,3333,3250
0,3407,3338,3255
0,3397,3344,3259
0,3389,3350,3261
0,3382,3359,3259
0,3381,3361,3258
0,3378,3362,3260
0,3443,3330,3227
0,3386,3354,3260
0,3410,3327,3263
0,3400,3339,3261
0,3417,3320,3263
0,3428,3302,3270
0,3434,3290,3276
0,3440,3277,3283
0,3447,3260,3293
0,3425,3309,3266
0,3450,3272,3278
0,3449,3286,3265
0,3444,3265,3291
0,3446,3304,3250
0,3445,3311,3244
0,3446,3311,3243
0,3455,3322,3223
0,3462,3324,3214
0,3449,3325,3226
0,3435,3326,3239
0,3418,3331,3251
0,3416,3314,3270
0,3412,3313,3275
0,3409,3315,3276
0,3413,3317,3270
0,3408,3321,3271
0,3446,3296,3258
0,3406,3322,3272
0,3417,3312,3271
0,3431,3303,3266
0,3444,3294,3262
0,3456,3283,3261
0,3467,3282,3251
0,3477,3291,3232
0,3478,3290,3232
0,3477,3290,3233
0,3473,3294,3233
0,3468,3301,3231
0,3467,3314,3219
0,3450,3314,3236
